[24 25 28 31 28] - UNSAFE
[41 44 45 48 49 50 50]  SAFE BY REMOVING  50
[5 8 10 13 15 16 17 21] - UNSAFE
[11 13 16 17 19 26] - UNSAFE
[79 81 78 79 82 84] - UNSAFE
[16 19 20 18 20 22 25 22] - UNSAFE
[84 87 90 92 94 97 96 96] - UNSAFE
[86 87 88 91 88 91 95] - UNSAFE
[40 43 41 44 49] - UNSAFE
[8 10 10 11 13]  SAFE BY REMOVING  10
[91 94 95 95 92] - UNSAFE
[18 19 20 20 21 23 25 25] - UNSAFE
[15 17 19 19 23] - UNSAFE
[35 37 37 39 40 43 50] - UNSAFE
[2 5 6 10 12] - UNSAFE
[82 85 87 88 91 93 97 94]  SAFE BY REMOVING  97
[30 32 35 38 42 43 43] - UNSAFE
[64 66 68 72 76] - UNSAFE
[73 74 77 80 84 86 91] - UNSAFE
[64 67 72 73 74 76] - UNSAFE
[72 73 75 81 82 81] - UNSAFE
[24 25 32 35 37 38 38] - UNSAFE
[59 60 62 64 65 70 74] - UNSAFE
[44 46 47 48 50 52 58 63] - UNSAFE
[54 52 53 56 57 58]  SAFE BY REMOVING  54
[77 76 77 80 82 81] - UNSAFE
[48 45 48 49 52 54 54] - UNSAFE
[74 71 74 76 78 81 85] - UNSAFE
[20 18 19 21 27] - UNSAFE
[88 86 88 91 92 89 92] - UNSAFE
[17 16 14 17 18 15] - UNSAFE
[95 92 91 93 95 96 96] - UNSAFE
[7 5 6 9 8 11 14 18] - UNSAFE
[15 12 9 12 14 16 21] - UNSAFE
[3 2 2 5 6] - UNSAFE
[58 55 55 57 58 57] - UNSAFE
[36 35 36 36 36] - UNSAFE
[73 72 72 75 79] - UNSAFE
[80 77 78 78 79 82 87] - UNSAFE
[20 19 23 25 27 28 31 32]  SAFE BY REMOVING  19
[92 90 91 95 97 96] - UNSAFE
[86 84 86 90 93 96 98 98] - UNSAFE
[36 33 34 38 41 45] - UNSAFE
[82 81 85 88 89 92 99] - UNSAFE
[70 69 71 77 78 81] - UNSAFE
[51 49 50 57 60 58] - UNSAFE
[28 27 30 33 35 40 40] - UNSAFE
[40 37 38 45 49] - UNSAFE
[53 52 54 55 56 61 67] - UNSAFE
[27 27 29 31 34]  SAFE BY REMOVING  27
[82 82 84 86 89 92 89] - UNSAFE
[91 91 93 96 96] - UNSAFE
[55 55 58 60 64] - UNSAFE
[80 80 81 82 83 85 88 95] - UNSAFE
[84 84 87 84 85] - UNSAFE
[81 81 80 82 79] - UNSAFE
[25 25 22 24 24] - UNSAFE
[71 71 74 76 77 74 78] - UNSAFE
[86 86 87 86 87 88 93] - UNSAFE
[41 41 43 43 46] - UNSAFE
[70 70 70 72 71] - UNSAFE
[12 12 13 13 14 15 15] - UNSAFE
[23 23 23 26 28 31 35] - UNSAFE
[84 84 86 88 88 89 91 98] - UNSAFE
[4 4 5 7 8 9 13 14] - UNSAFE
[31 31 35 36 37 36] - UNSAFE
[19 19 23 26 26] - UNSAFE
[80 80 84 85 88 90 94] - UNSAFE
[51 51 53 54 58 60 61 66] - UNSAFE
[35 35 36 42 43] - UNSAFE
[9 9 12 15 18 24 21] - UNSAFE
[2 2 8 11 14 15 15] - UNSAFE
[25 25 30 33 36 38 39 43] - UNSAFE
[13 13 18 19 26] - UNSAFE
[10 14 15 17 19]  SAFE BY REMOVING  10
[35 39 40 43 45 46 48 45] - UNSAFE
[41 45 47 50 50] - UNSAFE
[16 20 23 25 28 31 34 38] - UNSAFE
[10 14 15 18 20 25] - UNSAFE
[42 46 49 46 48] - UNSAFE
[25 29 32 31 34 31] - UNSAFE
[7 11 14 11 14 14] - UNSAFE
[90 94 92 94 98] - UNSAFE
[27 31 34 32 35 37 44] - UNSAFE
[50 54 54 56 59 61 63] - UNSAFE
[48 52 52 53 50] - UNSAFE
[84 88 89 90 91 91 91] - UNSAFE
[48 52 54 54 56 60] - UNSAFE
[85 89 89 91 98] - UNSAFE
[9 13 15 17 21 23] - UNSAFE
[43 47 49 52 53 57 55] - UNSAFE
[76 80 82 83 86 90 93 93] - UNSAFE
[5 9 11 15 16 20] - UNSAFE
[53 57 61 62 65 66 73] - UNSAFE
[65 69 70 73 76 81 82 83] - UNSAFE
[15 19 21 27 24] - UNSAFE
[51 55 57 63 65 65] - UNSAFE
[15 19 22 25 27 33 37] - UNSAFE
[1 5 6 7 9 11 16 22] - UNSAFE
[50 56 58 60 63 65 68 70]  SAFE BY REMOVING  50
[36 42 43 44 41] - UNSAFE
[36 42 44 47 50 52 54 54] - UNSAFE
[79 84 87 88 90 92 94 98] - UNSAFE
[35 42 45 46 47 49 52 58] - UNSAFE
[74 80 83 80 81 82 84 85] - UNSAFE
[60 67 69 72 73 71 72 71] - UNSAFE
[85 92 94 97 96 98 98] - UNSAFE
[17 22 25 27 25 28 32] - UNSAFE
[22 28 26 28 31 33 40] - UNSAFE
[51 57 60 61 61 62 63] - UNSAFE
[7 13 16 16 19 18] - UNSAFE
[80 87 87 89 89] - UNSAFE
[70 76 79 81 84 84 88] - UNSAFE
[39 45 46 49 49 51 52 58] - UNSAFE
[38 43 45 48 52 55 57 58] - UNSAFE
[79 84 86 89 93 94 92] - UNSAFE
[39 45 48 52 52] - UNSAFE
[58 63 67 69 70 74] - UNSAFE
[76 83 86 90 97] - UNSAFE
[13 18 25 27 29 31] - UNSAFE
[60 66 69 72 75 80 82 81] - UNSAFE
[21 26 29 31 33 38 38] - UNSAFE
[31 37 42 45 46 50] - UNSAFE
[15 21 23 24 30 32 38] - UNSAFE
[51 48 45 43 44]  SAFE BY REMOVING  43
[45 43 41 40 38 37 36 36]  SAFE BY REMOVING  36
[66 64 61 60 57 53] - UNSAFE
[89 86 83 81 76] - UNSAFE
[36 33 30 33 30 29 28 27] - UNSAFE
[91 88 91 89 86 85 83 85] - UNSAFE
[12 10 12 11 11] - UNSAFE
[31 30 27 30 28 27 23] - UNSAFE
[35 32 31 34 32 26] - UNSAFE
[11 10 10 9 6 5 4 3]  SAFE BY REMOVING  10
[44 41 38 38 37 35 34 36] - UNSAFE
[80 78 76 73 72 71 71 71] - UNSAFE
[45 43 40 37 37 33] - UNSAFE
[97 94 91 88 87 86 86 80] - UNSAFE
[58 56 53 51 47 44] - UNSAFE
[66 63 62 60 58 56 52 53]  SAFE BY REMOVING  52
[73 72 71 68 65 61 61] - UNSAFE
[95 92 88 86 82] - UNSAFE
[19 17 16 12 11 10 5] - UNSAFE
[80 77 74 71 66 64 62 61] - UNSAFE
[64 62 59 56 51 52] - UNSAFE
[47 46 43 42 39 38 33 33] - UNSAFE
[45 44 41 39 34 30] - UNSAFE
[95 92 89 87 82 81 80 74] - UNSAFE
[94 96 94 91 88]  SAFE BY REMOVING  94
[89 91 90 88 89] - UNSAFE
[40 41 38 36 36] - UNSAFE
[70 72 70 68 67 63] - UNSAFE
[22 25 24 21 19 18 13] - UNSAFE
[41 42 39 40 38 37] - UNSAFE
[35 36 35 32 31 29 32 35] - UNSAFE
[31 34 31 34 34] - UNSAFE
[88 90 89 91 90 88 85 81] - UNSAFE
[54 57 60 59 56 50] - UNSAFE
[83 85 82 82 80] - UNSAFE
[66 68 68 65 62 61 62] - UNSAFE
[35 36 36 34 32 30 30] - UNSAFE
[79 80 80 78 76 74 70] - UNSAFE
[44 45 45 43 37] - UNSAFE
[37 40 37 33 31] - UNSAFE
[63 65 63 59 56 55 54 56] - UNSAFE
[19 22 21 17 15 13 11 11] - UNSAFE
[94 95 91 90 88 84] - UNSAFE
[22 23 19 18 16 14 7] - UNSAFE
[29 32 30 23 22] - UNSAFE
[64 67 64 58 56 57] - UNSAFE
[29 30 27 24 18 18] - UNSAFE
[33 36 34 27 24 22 20 16] - UNSAFE
[50 52 49 48 46 39 37 31] - UNSAFE
[31 31 28 25 22 21 19 16]  SAFE BY REMOVING  31
[47 47 44 43 40 37 38] - UNSAFE
[88 88 85 84 84] - UNSAFE
[41 41 38 36 32] - UNSAFE
[73 73 70 69 67 66 60] - UNSAFE
[80 80 81 80 79 77 76 75] - UNSAFE
[36 36 34 32 34 35] - UNSAFE
[59 59 57 60 59 58 56 56] - UNSAFE
[30 30 27 28 25 23 19] - UNSAFE
[9 9 7 6 5 8 3] - UNSAFE
[89 89 87 86 85 85 82] - UNSAFE
[52 52 49 46 46 47] - UNSAFE
[60 60 59 59 59] - UNSAFE
[21 21 19 19 15] - UNSAFE
[17 17 17 16 13 12 10 4] - UNSAFE
[33 33 29 28 26 25] - UNSAFE
[67 67 63 61 58 60] - UNSAFE
[27 27 25 24 20 20] - UNSAFE
[78 78 76 74 72 68 64] - UNSAFE
[62 62 59 55 49] - UNSAFE
[47 47 44 38 36 33 31] - UNSAFE
[31 31 28 21 23] - UNSAFE
[81 81 80 79 78 72 72] - UNSAFE
[75 75 69 66 62] - UNSAFE
[97 97 91 89 87 85 78] - UNSAFE
[35 31 28 27 26 25]  SAFE BY REMOVING  35
[35 31 28 27 25 22 21 23] - UNSAFE
[37 33 32 31 28 28] - UNSAFE
[73 69 67 65 62 59 55] - UNSAFE
[67 63 60 58 53] - UNSAFE
[52 48 47 44 47 46 43] - UNSAFE
[73 69 70 68 69] - UNSAFE
[18 14 13 16 16] - UNSAFE
[91 87 84 81 82 79 77 73] - UNSAFE
[96 92 90 92 91 88 81] - UNSAFE
[40 36 35 35 34 33 31] - UNSAFE
[93 89 86 83 82 82 80 81] - UNSAFE
[86 82 79 79 78 77 77] - UNSAFE
[20 16 13 13 12 8] - UNSAFE
[30 26 23 23 21 19 17 10] - UNSAFE
[76 72 69 66 62 60 57 54] - UNSAFE
[57 53 49 46 48] - UNSAFE
[64 60 58 54 54] - UNSAFE
[20 16 15 12 8 5 1] - UNSAFE
[40 36 34 31 27 25 19] - UNSAFE
[25 21 20 18 16 14 9 6] - UNSAFE
[48 44 43 40 38 36 29 31] - UNSAFE
[96 92 90 89 83 81 80 80] - UNSAFE
[45 41 34 32 28] - UNSAFE
[35 31 28 27 21 19 14] - UNSAFE
[35 30 27 26 23]  SAFE BY REMOVING  35
[73 66 63 61 64] - UNSAFE
[60 55 53 51 50 50] - UNSAFE
[68 62 61 60 56] - UNSAFE
[55 50 49 46 43 42 37] - UNSAFE
[29 23 22 25 22 20 18 16] - UNSAFE
[96 90 88 85 84 86 83 85] - UNSAFE
[47 41 39 36 37 37] - UNSAFE
[72 66 69 68 66 62] - UNSAFE
[52 47 49 46 43 36] - UNSAFE
[77 71 68 68 67 66] - UNSAFE
[99 94 94 93 96] - UNSAFE
[45 38 35 33 31 31 31] - UNSAFE
[23 16 13 10 10 6] - UNSAFE
[33 26 25 25 23 20 18 11] - UNSAFE
[44 37 33 30 28 27] - UNSAFE
[90 85 81 79 80] - UNSAFE
[91 85 82 79 77 73 70 70] - UNSAFE
[98 91 88 86 82 78] - UNSAFE
[68 63 61 58 54 52 45] - UNSAFE
[64 58 57 50 49] - UNSAFE
[66 59 56 49 52] - UNSAFE
[89 82 77 76 73 70 70] - UNSAFE
[80 73 72 67 63] - UNSAFE
[73 66 60 59 57 50] - UNSAFE
[11 14 15 17 20 23 21]  SAFE BY REMOVING  23
[47 50 52 55 56 56]  SAFE BY REMOVING  56
[16 17 18 19 20 23 27] - UNSAFE
[82 83 85 88 90 91 94 99] - UNSAFE
[59 61 59 61 64 67 70 73] - UNSAFE
[32 33 36 37 38 36 39 38] - UNSAFE
[86 89 90 91 89 92 94 94] - UNSAFE
[67 68 71 68 71 73 76 80] - UNSAFE
[28 30 31 33 34 32 39] - UNSAFE
[3 4 6 6 7 10 12 13]  SAFE BY REMOVING  6
[61 64 64 66 69 71 68] - UNSAFE
[49 50 52 52 53 55 55] - UNSAFE
[8 11 14 16 16 20] - UNSAFE
[59 62 62 63 70] - UNSAFE
[43 45 49 52 55 57] - UNSAFE
[80 82 86 88 89 92 93 91] - UNSAFE
[81 82 86 87 88 91 94 94] - UNSAFE
[38 41 45 48 51 53 57] - UNSAFE
[35 38 40 41 45 47 54] - UNSAFE
[6 9 12 14 15 17 22 23] - UNSAFE
[81 82 83 85 91 90] - UNSAFE
[74 76 83 84 87 87] - UNSAFE
[24 27 28 35 37 41] - UNSAFE
[69 71 72 77 80 85] - UNSAFE
[12 9 12 13 15 17 20 23]  SAFE BY REMOVING  12
[77 75 76 77 78 81 78] - UNSAFE
[60 57 59 61 61] - UNSAFE
[13 10 11 14 16 20] - UNSAFE
[81 80 81 84 85 90] - UNSAFE
[6 5 6 7 5 7 10 13] - UNSAFE
[54 51 54 52 54 55 54] - UNSAFE
[72 71 70 73 73] - UNSAFE
[89 86 88 90 91 88 90 94] - UNSAFE
[8 6 3 5 10] - UNSAFE
[10 7 8 10 12 12 15 16] - UNSAFE
[14 11 12 14 16 16 19 18] - UNSAFE
[39 37 38 38 39 42 44 44] - UNSAFE
[13 11 12 13 15 15 16 20] - UNSAFE
[10 8 8 11 14 20] - UNSAFE
[42 40 42 45 49 50] - UNSAFE
[67 66 70 73 76 78 77] - UNSAFE
[32 30 34 35 37 37] - UNSAFE
[47 44 45 49 51 55] - UNSAFE
[36 35 39 40 43 45 47 53] - UNSAFE
[68 66 67 68 73 74] - UNSAFE
[40 37 38 39 40 46 47 45] - UNSAFE
[28 26 27 30 35 35] - UNSAFE
[45 42 48 50 54] - UNSAFE
[44 43 45 48 54 59] - UNSAFE
[61 61 62 63 64 66 67]  SAFE BY REMOVING  61
[57 57 58 61 59] - UNSAFE
[66 66 69 71 73 75 78 78] - UNSAFE
[59 59 61 64 67 71] - UNSAFE
[28 28 29 30 31 33 36 41] - UNSAFE
[41 41 42 41 44 45] - UNSAFE
[11 11 10 13 15 12] - UNSAFE
[37 37 40 38 41 41] - UNSAFE
[41 41 40 42 46] - UNSAFE
[68 68 69 72 69 71 78] - UNSAFE
[95 95 95 97 98 99] - UNSAFE
[9 9 9 10 13 14 17 16] - UNSAFE
[81 81 82 85 88 88 88] - UNSAFE
[86 86 86 89 92 96] - UNSAFE
[58 58 59 62 62 67] - UNSAFE
[80 80 81 85 87] - UNSAFE
[84 84 87 91 88] - UNSAFE
[3 3 7 10 11 12 12] - UNSAFE
[74 74 75 79 81 82 85 89] - UNSAFE
[26 26 28 29 31 35 37 44] - UNSAFE
[38 38 39 46 49] - UNSAFE
[77 77 80 81 87 88 85] - UNSAFE
[75 75 78 81 87 90 92 92] - UNSAFE
[28 28 31 37 40 43 47] - UNSAFE
[11 11 12 18 20 27] - UNSAFE
[15 19 21 22 23 26]  SAFE BY REMOVING  15
[58 62 64 65 66 69 71 69] - UNSAFE
[56 60 61 63 63] - UNSAFE
[46 50 53 56 58 62] - UNSAFE
[67 71 73 76 81] - UNSAFE
[52 56 58 56 58 60] - UNSAFE
[6 10 11 8 7] - UNSAFE
[81 85 86 89 87 88 88] - UNSAFE
[72 76 79 76 79 82 86] - UNSAFE
[39 43 44 46 43 49] - UNSAFE
[38 42 45 45 46] - UNSAFE
[41 45 48 51 51 48] - UNSAFE
[79 83 86 86 86] - UNSAFE
[24 28 29 31 33 33 34 38] - UNSAFE
[55 59 59 61 62 65 67 74] - UNSAFE
[73 77 80 82 86 87 90] - UNSAFE
[45 49 50 53 57 54] - UNSAFE
[80 84 88 90 92 92] - UNSAFE
[14 18 20 22 24 28 32] - UNSAFE
[61 65 69 70 73 76 82] - UNSAFE
[50 54 57 59 62 63 69 70] - UNSAFE
[75 79 81 82 83 89 92 89] - UNSAFE
[45 49 52 59 61 63 63] - UNSAFE
[38 42 44 45 48 55 57 61] - UNSAFE
[62 66 69 71 74 80 86] - UNSAFE
[28 35 37 40 41 43]  SAFE BY REMOVING  28
[25 30 32 33 34 37 35] - UNSAFE
[14 19 20 21 22 22] - UNSAFE
[8 14 17 20 23 27] - UNSAFE
[23 28 29 31 38] - UNSAFE
[68 74 77 78 76 79 80] - UNSAFE
[14 21 18 20 22 23 25 22] - UNSAFE
[18 23 20 22 22] - UNSAFE
[65 72 71 74 76 80] - UNSAFE
[8 14 15 17 14 17 20 25] - UNSAFE
[59 65 68 70 70 73] - UNSAFE
[59 65 68 68 71 74 71] - UNSAFE
[34 41 43 43 43] - UNSAFE
[20 25 25 28 32] - UNSAFE
[43 48 50 50 53 56 58 64] - UNSAFE
[38 45 49 52 55 58] - UNSAFE
[23 30 34 35 33] - UNSAFE
[4 9 11 14 18 20 21 21] - UNSAFE
[51 57 61 63 67] - UNSAFE
[67 74 78 81 82 88] - UNSAFE
[20 26 29 36 37] - UNSAFE
[9 14 15 18 20 26 29 28] - UNSAFE
[73 79 82 87 90 90] - UNSAFE
[9 16 18 24 28] - UNSAFE
[8 14 19 22 29] - UNSAFE
[80 77 75 73 76] - UNSAFE
[93 90 88 85 84 81 78 78]  SAFE BY REMOVING  78
[25 22 20 18 15 12 11 7] - UNSAFE
[51 48 47 44 42 40 37 31] - UNSAFE
[77 74 77 75 73 72] - UNSAFE
[94 91 92 90 88 89] - UNSAFE
[28 27 26 24 21 22 20 20] - UNSAFE
[94 91 88 87 86 89 85]  SAFE BY REMOVING  89
[91 90 87 85 82 80 81 74] - UNSAFE
[59 56 56 54 52 50]  SAFE BY REMOVING  56
[89 88 88 87 84 82 85] - UNSAFE
[96 95 93 90 89 86 86 86] - UNSAFE
[25 22 22 19 15] - UNSAFE
[39 36 34 34 33 31 24] - UNSAFE
[53 52 49 47 43 40] - UNSAFE
[93 92 88 85 87] - UNSAFE
[82 80 76 75 72 69 66 66] - UNSAFE
[57 55 52 49 47 43 39] - UNSAFE
[43 40 36 33 26] - UNSAFE
[33 30 28 21 18] - UNSAFE
[72 70 67 66 59 61] - UNSAFE
[26 23 22 19 14 12 10 10] - UNSAFE
[25 22 20 18 13 10 9 5] - UNSAFE
[33 30 27 21 19 16 13 6] - UNSAFE
[96 98 97 95 93 90 89]  SAFE BY REMOVING  96
[47 48 46 45 47] - UNSAFE
[10 12 9 8 7 5 3 3] - UNSAFE
[48 49 48 47 43] - UNSAFE
[25 28 26 25 22 15] - UNSAFE
[2 4 1 4 3] - UNSAFE
[59 62 65 64 65]  SAFE BY REMOVING  65
[24 25 22 19 20 17 17] - UNSAFE
[53 54 52 54 51 48 46 42] - UNSAFE
[21 23 21 18 19 18 12] - UNSAFE
[48 49 46 46 43 41 40] - UNSAFE
[58 61 59 57 57 59] - UNSAFE
[84 85 83 80 79 78 78 78] - UNSAFE
[20 22 22 19 17 15 11] - UNSAFE
[87 89 87 86 86 81] - UNSAFE
[97 99 95 94 91]  SAFE BY REMOVING  99
[15 18 16 15 11 13] - UNSAFE
[54 55 53 49 49] - UNSAFE
[28 30 26 25 23 21 17] - UNSAFE
[34 37 34 32 28 21] - UNSAFE
[33 36 33 31 28 21 18 15] - UNSAFE
[66 69 68 63 61 58 55 58] - UNSAFE
[93 94 93 87 85 85] - UNSAFE
[17 18 13 12 8] - UNSAFE
[81 83 80 78 71 68 63] - UNSAFE
[68 68 66 65 63]  SAFE BY REMOVING  68
[65 65 62 61 58 57 60] - UNSAFE
[28 28 26 23 23] - UNSAFE
[48 48 46 45 44 43 39] - UNSAFE
[16 16 13 11 6] - UNSAFE
[30 30 29 26 29 28] - UNSAFE
[23 23 20 22 20 17 20] - UNSAFE
[41 41 43 41 41] - UNSAFE
[39 39 36 39 36 32] - UNSAFE
[34 34 36 35 30] - UNSAFE
[88 88 87 85 85 84] - UNSAFE
[6 6 4 3 3 5] - UNSAFE
[41 41 38 38 38] - UNSAFE
[14 14 11 8 8 7 5 1] - UNSAFE
[75 75 72 72 70 64] - UNSAFE
[59 59 55 52 51] - UNSAFE
[91 91 88 84 81 79 80] - UNSAFE
[95 95 92 88 85 85] - UNSAFE
[62 62 60 59 55 51] - UNSAFE
[17 17 13 11 4] - UNSAFE
[67 67 66 65 63 58 56] - UNSAFE
[63 63 56 55 57] - UNSAFE
[46 46 45 39 39] - UNSAFE
[42 42 39 38 32 28] - UNSAFE
[91 91 86 84 78] - UNSAFE
[30 26 24 22 21 20 19]  SAFE BY REMOVING  30
[58 54 53 50 53] - UNSAFE
[10 6 5 4 4] - UNSAFE
[93 89 88 86 85 83 81 77] - UNSAFE
[52 48 46 43 38] - UNSAFE
[89 85 84 81 83 82 79] - UNSAFE
[46 42 41 39 42 44] - UNSAFE
[48 44 41 44 43 42 39 39] - UNSAFE
[61 57 56 53 54 51 47] - UNSAFE
[55 51 54 52 50 43] - UNSAFE
[23 19 16 16 15 13 11 8] - UNSAFE
[23 19 17 16 14 14 13 14] - UNSAFE
[23 19 19 17 14 11 9 9] - UNSAFE
[24 20 19 16 14 14 10] - UNSAFE
[94 90 88 85 85 84 77] - UNSAFE
[47 43 41 39 36 32 30] - UNSAFE
[54 50 46 45 42 43] - UNSAFE
[88 84 81 77 77] - UNSAFE
[29 25 21 20 18 15 12 8] - UNSAFE
[67 63 59 58 51] - UNSAFE
[16 12 6 3 1] - UNSAFE
[68 64 61 59 53 51 50 53] - UNSAFE
[70 66 60 58 58] - UNSAFE
[84 80 75 73 70 66] - UNSAFE
[92 88 86 85 78 77 71] - UNSAFE
[93 86 83 82 79 77 74 73]  SAFE BY REMOVING  93
[56 50 48 46 48] - UNSAFE
[25 20 19 16 13 13] - UNSAFE
[79 74 73 72 70 69 67 63] - UNSAFE
[77 71 70 67 64 62 56] - UNSAFE
[80 74 71 68 67 69 68 65] - UNSAFE
[36 29 27 26 28 31] - UNSAFE
[88 82 83 82 82] - UNSAFE
[13 6 5 7 3] - UNSAFE
[17 11 12 9 6 1] - UNSAFE
[87 82 81 80 80 78 75] - UNSAFE
[23 17 14 11 11 12] - UNSAFE
[70 64 61 58 58 58] - UNSAFE
[96 91 90 87 87 85 81] - UNSAFE
[92 85 85 83 80 74] - UNSAFE
[23 17 13 12 11] - UNSAFE
[70 63 59 56 55 53 54] - UNSAFE
[85 80 79 76 73 70 66 66] - UNSAFE
[81 75 74 73 72 68 64] - UNSAFE
[69 62 59 55 54 49] - UNSAFE
[68 62 60 58 52 49] - UNSAFE
[81 75 74 71 69 64 66] - UNSAFE
[71 65 58 55 55] - UNSAFE
[39 32 31 26 24 22 19 15] - UNSAFE
[53 47 42 40 33] - UNSAFE
[39 40 43 44 46 48 55 61] - UNSAFE
[41 37 35 31 29 25] - UNSAFE
[33 28 26 23 23 24] - UNSAFE
[53 49 48 45 43 39] - UNSAFE
[45 45 46 47 49 49 50 57] - UNSAFE
[55 52 51 50 47 46 46 42] - UNSAFE
[43 40 39 33 27] - UNSAFE
[31 37 42 44 46 46] - UNSAFE
[38 36 34 33 30 29 27 30] - UNSAFE
[25 31 33 35 32 38] - UNSAFE
[74 74 80 82 83 87] - UNSAFE
[34 40 40 41 44 45 50] - UNSAFE
[75 68 66 63 61]  SAFE BY REMOVING  75
[72 69 67 64 61 54 54] - UNSAFE
[23 27 27 29 34] - UNSAFE
[53 57 58 60 60] - UNSAFE
[47 40 35 34 35] - UNSAFE
[28 24 22 20 18 16 16] - UNSAFE
[55 58 56 52 52] - UNSAFE
[9 9 11 14 15 12 16] - UNSAFE
[38 33 29 27 26 21] - UNSAFE
[19 18 19 19 20 24] - UNSAFE
[59 59 55 54 53 52 46] - UNSAFE
[9 13 16 18 20 21 22 26] - UNSAFE
[36 32 25 24 21 15] - UNSAFE
[40 41 44 45 47 46 49 53] - UNSAFE
[2 4 7 7 9 11 18] - UNSAFE
[16 21 20 22 23 25] - UNSAFE
[90 84 82 79 75 72 68] - UNSAFE
[74 74 78 79 81 81] - UNSAFE
[59 61 64 63 61 59 52] - UNSAFE
[76 76 75 68 67 64 65] - UNSAFE
[85 85 85 86 85] - UNSAFE
[34 37 35 32 29 25 24] - UNSAFE
[86 84 84 83 80 77 75 68] - UNSAFE
[15 16 20 21 23 26 29] - UNSAFE
[65 71 75 76 73] - UNSAFE
[95 95 94 91 88 90] - UNSAFE
[81 87 88 91 94 96 97 97] - UNSAFE
[4 8 11 13 14 12 15] - UNSAFE
[34 40 42 44 47 45 43] - UNSAFE
[34 36 38 41 48 51 55] - UNSAFE
[44 46 44 44 41 40 38 38] - UNSAFE
[95 98 97 96 93 93] - UNSAFE
[54 53 50 48 44 38] - UNSAFE
[25 25 23 20 17 15 11] - UNSAFE
[82 82 81 81 81] - UNSAFE
[52 56 58 62 64 68] - UNSAFE
[39 39 36 35 34]  SAFE BY REMOVING  39
[83 86 88 85 87] - UNSAFE
[46 39 41 40 34] - UNSAFE
[18 24 27 34 37] - UNSAFE
[34 30 28 26 24 23 24] - UNSAFE
[65 67 70 72 74 77 76]  SAFE BY REMOVING  77
[18 23 24 27 34 36 37 36] - UNSAFE
[10 10 11 14 16 21] - UNSAFE
[2 6 9 12 13 13 15 14] - UNSAFE
[46 51 52 56 57 59 63] - UNSAFE
[69 75 80 81 85] - UNSAFE
[60 61 64 61 58 57 60] - UNSAFE
[84 87 86 80 79 79] - UNSAFE
[76 73 75 73 73] - UNSAFE
[72 66 65 62 65 63 60] - UNSAFE
[10 14 16 17 18 25 27 31] - UNSAFE
[15 16 17 17 18]  SAFE BY REMOVING  17
[94 94 91 86 82] - UNSAFE
[39 46 47 49 52 56 58] - UNSAFE
[1 1 2 2 2] - UNSAFE
[3 7 8 10 17 20 20] - UNSAFE
[26 26 24 19 17 14 12] - UNSAFE
[43 43 42 44 42 37] - UNSAFE
[62 62 59 60 59 58 55 55] - UNSAFE
[19 23 27 28 30 36] - UNSAFE
[41 44 42 44 41 41] - UNSAFE
[12 10 10 12 13 15 17 22] - UNSAFE
[52 53 54 55 62 65 67 67] - UNSAFE
[21 22 21 20 20 19 16 17] - UNSAFE
[50 46 45 43 41 40 40 40] - UNSAFE
[69 70 74 77 77] - UNSAFE
[83 87 89 89 90 94] - UNSAFE
[14 11 9 11 15] - UNSAFE
[86 83 84 88 89 92 93 97] - UNSAFE
[47 44 44 47 47] - UNSAFE
[83 87 89 89 92] - UNSAFE
[65 61 57 55 57] - UNSAFE
[65 69 71 75 78 81 81] - UNSAFE
[72 72 73 80 81 84 82] - UNSAFE
[31 28 30 34 35 36 39 41] - UNSAFE
[94 89 83 82 81 80 79] - UNSAFE
[55 55 52 48 45 45] - UNSAFE
[64 66 64 61 59 54 50] - UNSAFE
[7 6 11 14 17 21] - UNSAFE
[83 79 75 73 72 71 70 70] - UNSAFE
[37 36 36 33 31 29 28 31] - UNSAFE
[92 94 93 92 91 86] - UNSAFE
[71 70 69 68 63] - UNSAFE
[80 83 82 83 82 79 77] - UNSAFE
[51 55 57 61 58] - UNSAFE
[53 50 47 46 42 42] - UNSAFE
[89 89 90 96 99] - UNSAFE
[34 33 36 39 40 44 42] - UNSAFE
[77 73 69 68 66] - UNSAFE
[10 10 13 14 16 13] - UNSAFE
[76 77 74 74 69] - UNSAFE
[91 92 93 95 96 99 99 99] - UNSAFE
[17 15 11 10 9 6 5] - UNSAFE
[47 47 44 41 39 40 41] - UNSAFE
[21 25 28 30 28 35] - UNSAFE
[52 55 52 48 49] - UNSAFE
[44 44 42 45 43 39] - UNSAFE
[36 36 37 41 42 44 46 44] - UNSAFE
[43 43 40 40 37 40] - UNSAFE
[19 22 19 15 10] - UNSAFE
[61 62 59 56 55 51] - UNSAFE
[31 37 38 41 45 45] - UNSAFE
[1 5 8 9 10 15] - UNSAFE
[42 38 40 38 37 30] - UNSAFE
[60 61 59 57 55]  SAFE BY REMOVING  60
[36 34 36 33 30]  SAFE BY REMOVING  36
[38 40 41 42 40 42 44 43] - UNSAFE
[58 55 53 52 51 49 46 42] - UNSAFE
[91 88 91 89 88 89] - UNSAFE
[53 53 51 50 50] - UNSAFE
[89 91 92 95 92 99] - UNSAFE
[18 13 15 13 11 11] - UNSAFE
[64 65 66 68 69 70] - SAFE
[71 74 77 80 83 84 86] - SAFE
[40 42 45 48 51 52 54 57] - SAFE
[29 31 32 34 37 39 42] - SAFE
[13 14 15 18 19 22 25 27] - SAFE
[20 18 16 13 12] - SAFE
[21 19 16 13 12 10 7] - SAFE
[88 91 94 95 97] - SAFE
[25 22 21 18 15 13] - SAFE
[55 53 51 48 45 42 40 38] - SAFE
[63 62 61 58 55 52 50 48] - SAFE
[61 58 56 55 54 52 49] - SAFE
[59 60 62 65 67 69] - SAFE
[68 69 72 74 76 77] - SAFE
[73 70 68 65 63 61] - SAFE
[88 89 92 95 96] - SAFE
[37 36 34 33 30] - SAFE
[50 51 52 55 56 59 62 63] - SAFE
[67 70 71 73 76 78] - SAFE
[90 92 93 95 96] - SAFE
[41 42 43 45 46] - SAFE
[60 59 56 54 52 50 47] - SAFE
[39 38 36 35 32 31 28 27] - SAFE
[14 17 19 20 21 24 25] - SAFE
[60 58 56 55 53 51] - SAFE
[11 10 7 6 5] - SAFE
[10 11 14 15 17 19] - SAFE
[14 11 8 5 4 3] - SAFE
[64 62 61 58 55 52 51] - SAFE
[17 14 13 12 11 10 7] - SAFE
[72 70 69 68 66 64 61] - SAFE
[74 77 80 82 85 86 88 89] - SAFE
[26 29 32 35 36 38] - SAFE
[62 60 59 57 56 53 50] - SAFE
[26 25 23 22 20 19 16 13] - SAFE
[7 10 13 16 17 20 21] - SAFE
[71 70 69 67 65 62 61] - SAFE
[11 13 14 15 18 21] - SAFE
[22 20 17 14 11 9 6 5] - SAFE
[3 4 6 8 11 12 14 15] - SAFE
[2 4 6 9 12] - SAFE
[81 84 86 88 91 94 97 98] - SAFE
[32 33 36 37 38 41] - SAFE
[78 77 76 74 73] - SAFE
[71 72 74 76 78] - SAFE
[44 45 48 49 51 53 54] - SAFE
[78 75 74 73 70 69 66 64] - SAFE
[75 74 71 69 66 63] - SAFE
[84 82 79 78 75 74 71 69] - SAFE
[62 61 58 56 54 52 51 48] - SAFE
[98 95 92 89 88 87 85] - SAFE
[3 5 7 9 10 12 14] - SAFE
[89 87 85 83 82] - SAFE
[80 79 77 75 73 71 68] - SAFE
[61 62 64 66 69 72 74 76] - SAFE
[51 49 46 44 43 40 39 38] - SAFE
[70 67 64 63 62] - SAFE
[35 34 33 31 29 27 24 23] - SAFE
[42 44 47 50 51 52] - SAFE
[52 55 58 59 62 64 65] - SAFE
[67 69 72 74 77 80] - SAFE
[14 12 11 9 8] - SAFE
[53 51 48 45 43] - SAFE
[57 58 60 63 65 68 70] - SAFE
[30 32 35 36 38 41 43] - SAFE
[99 97 96 94 91 89 88] - SAFE
[68 65 63 61 59 57 56] - SAFE
[92 90 88 86 85] - SAFE
[44 46 47 49 52] - SAFE
[49 52 53 54 56 57 59] - SAFE
[28 27 25 22 21 20 17 16] - SAFE
[48 46 43 41 40] - SAFE
[79 80 82 85 87 88 89] - SAFE
[58 56 54 53 52 51 49 47] - SAFE
[54 57 60 61 62 64 65] - SAFE
[40 39 38 36 35 33] - SAFE
[32 30 29 27 24 23 22] - SAFE
[17 14 11 9 7 5] - SAFE
[91 89 88 87 86 83] - SAFE
[19 16 14 11 9 8] - SAFE
[40 41 42 45 46 49 51 52] - SAFE
[86 84 81 80 77 74 71 68] - SAFE
[42 41 39 37 36 34] - SAFE
[36 33 32 29 26 23 20] - SAFE
[24 21 20 17 16] - SAFE
[12 9 8 5 4] - SAFE
[76 79 82 85 88 91 92] - SAFE
[64 66 69 72 75] - SAFE
[35 37 38 41 44 46 49 51] - SAFE
[94 92 89 87 86 85] - SAFE
[66 68 71 74 76] - SAFE
[81 80 79 77 75 74 72 71] - SAFE
[83 86 89 92 94] - SAFE
[43 40 37 34 31] - SAFE
[36 37 38 41 43] - SAFE
[31 28 25 23 20 18] - SAFE
[45 44 42 41 38 36] - SAFE
[86 85 84 82 80 77 74] - SAFE
[58 57 55 54 53 50 49 47] - SAFE
[70 71 73 75 78] - SAFE
[73 76 79 80 82] - SAFE
[85 83 81 78 75 72] - SAFE
[37 38 39 42 45 48 50] - SAFE
[64 67 68 71 72] - SAFE
[66 63 61 58 56] - SAFE
[61 64 65 67 68 69 72 74] - SAFE
[95 94 91 90 89 87 85 84] - SAFE
[84 87 89 91 94] - SAFE
[63 65 68 71 72 73] - SAFE
[40 39 38 37 35 34 32] - SAFE
[88 87 86 83 82 81 80] - SAFE
[71 70 68 65 63 62] - SAFE
[92 90 88 85 82 81 80] - SAFE
[76 74 71 68 65 64] - SAFE
[9 11 12 14 17] - SAFE
[74 75 77 78 80 82] - SAFE
[30 33 36 38 39 42 44 45] - SAFE
[59 62 63 65 67 69] - SAFE
[83 86 88 91 94 95] - SAFE
[29 28 26 23 21] - SAFE
[70 71 74 77 78 80 82] - SAFE
[70 72 74 75 76] - SAFE
[6 9 12 15 18 21 24 25] - SAFE
[32 31 29 26 23 22] - SAFE
[76 75 74 72 70 68] - SAFE
[93 92 91 90 89] - SAFE
[56 58 59 60 63 64] - SAFE
[72 73 74 76 78 80 83 85] - SAFE
[96 95 92 89 86 84] - SAFE
[98 95 94 93 90] - SAFE
[27 29 31 33 36 37 39 40] - SAFE
[48 47 44 41 39 38 37 36] - SAFE
[20 19 16 14 13] - SAFE
[98 97 96 95 92] - SAFE
[71 72 74 75 78 80] - SAFE
[49 51 53 55 57] - SAFE
[63 60 59 56 53] - SAFE
[78 80 82 83 84] - SAFE
[80 79 77 75 73 71 69 66] - SAFE
[24 25 27 30 33 34 36] - SAFE
[81 82 84 86 89] - SAFE
[35 36 39 42 43 44 46] - SAFE
[14 15 16 18 21 23 25 28] - SAFE
[83 84 86 89 92 93] - SAFE
[82 81 78 76 73] - SAFE
[19 21 24 27 28 30 32] - SAFE
[61 60 58 56 53] - SAFE
[7 8 10 12 14] - SAFE
[69 67 66 64 61 59] - SAFE
[29 28 25 23 21] - SAFE
[44 46 49 52 54 55 57 60] - SAFE
[6 7 9 10 12 14 15] - SAFE
[27 25 22 19 18 17 14] - SAFE
[50 52 54 56 59 60 63 65] - SAFE
[40 39 36 33 32] - SAFE
[10 11 12 14 16] - SAFE
[30 27 26 24 23 21 19 18] - SAFE
[24 22 20 19 18 16 14] - SAFE
[89 91 93 95 97 98 99] - SAFE
[60 57 54 53 51 48 47] - SAFE
[1 3 6 7 8 10 13] - SAFE
[14 13 11 10 8] - SAFE
[57 55 53 51 50] - SAFE
[48 46 45 42 40 39 36 35] - SAFE
[42 43 45 47 50] - SAFE
[92 90 88 86 85 82] - SAFE
[94 91 90 88 87 85 84 82] - SAFE
[45 46 48 50 53] - SAFE
[24 21 20 17 14 11 9 7] - SAFE
[65 64 62 60 59 56 55 53] - SAFE
[54 51 50 48 47 44 43] - SAFE
[49 47 45 42 39 38 37 34] - SAFE
[37 34 32 30 27 26 25] - SAFE
[87 88 91 92 94 97] - SAFE
[86 84 81 79 76 73 71 70] - SAFE
[59 60 63 64 65] - SAFE
[39 42 43 44 46] - SAFE
[14 16 17 18 21 23 24 27] - SAFE
[5 6 7 9 12 14 16 19] - SAFE
[64 65 67 70 73] - SAFE
[90 89 88 85 84 81 78] - SAFE
[83 85 88 90 92 93 96 97] - SAFE
[83 81 79 76 74 73] - SAFE
[68 71 74 77 78 80 83 86] - SAFE
[41 40 38 35 34] - SAFE
[34 31 28 27 24] - SAFE
[87 88 90 92 93 94 96] - SAFE
[52 55 56 57 60 62] - SAFE
[17 20 23 24 25 27] - SAFE
[30 28 27 24 21 18 15 12] - SAFE
[28 27 26 25 22 19] - SAFE
[72 69 68 67 66 64] - SAFE
[59 56 55 54 52 49 47 45] - SAFE
[26 28 31 32 35 36 38] - SAFE
[52 49 46 45 42 41 39] - SAFE
[9 10 11 12 14 15 17] - SAFE
[35 36 37 39 40 42 44 47] - SAFE
[59 58 55 54 53 52] - SAFE
[11 10 9 8 6 4 3] - SAFE
[18 20 22 23 24 27] - SAFE
[10 8 7 6 5 4 3] - SAFE
[68 71 72 74 76 77] - SAFE
[64 63 62 59 56 54 51] - SAFE
[37 36 35 33 31 28] - SAFE
[98 97 96 95 93 92 90 87] - SAFE
[18 19 21 24 27] - SAFE
[23 24 26 29 30 33 36 39] - SAFE
[52 51 49 47 46 45 42 41] - SAFE
[50 48 47 44 43] - SAFE
[40 43 46 49 52 54 55 58] - SAFE
[45 43 40 37 35 33 31 29] - SAFE
[35 33 30 27 24 23 20 18] - SAFE
[82 83 84 86 88] - SAFE
[19 16 13 10 9] - SAFE
[37 34 33 32 29] - SAFE
[86 83 80 77 76] - SAFE
[77 78 79 81 84 87 88 90] - SAFE
[13 15 18 21 22 25 27] - SAFE
[6 7 9 11 13 14 17 18] - SAFE
[51 50 48 47 46 44 41 40] - SAFE
[79 80 82 83 85] - SAFE
[74 72 69 67 65 63 62 59] - SAFE
[58 57 55 53 50] - SAFE
[54 57 60 62 64 65 68] - SAFE
[28 30 32 34 37 38] - SAFE
[10 13 15 18 20 22 24 27] - SAFE
[80 79 77 74 73 71 70] - SAFE
[21 20 18 15 13 11 9] - SAFE
[21 23 26 29 31 33 35] - SAFE
[74 75 76 78 81 83] - SAFE
[61 58 56 55 54 53 51 50] - SAFE
[54 55 56 57 60 62 64 65] - SAFE
[45 43 42 41 38 37 35 34] - SAFE
[47 50 53 56 57 59] - SAFE
[98 95 94 93 92 90] - SAFE
[13 12 9 7 6 4 2] - SAFE
[68 70 73 76 79 80 81 84] - SAFE
[59 62 65 68 69 72 75] - SAFE
[80 82 84 87 89 92 95] - SAFE
[63 65 68 70 71 72 73 76] - SAFE
[92 90 87 86 85 82 80 77] - SAFE
[20 18 15 13 11 9 7] - SAFE
[60 59 58 55 54 51 48 47] - SAFE
[18 16 15 13 11 9] - SAFE
[71 68 65 62 61 59 57] - SAFE
[69 68 65 62 60 57 56] - SAFE
[75 74 73 72 70 67 65 62] - SAFE
[17 20 22 25 28 31] - SAFE
[43 45 46 48 50 51] - SAFE
[28 25 22 21 19 17 15] - SAFE
[36 33 30 29 27 24 22 21] - SAFE
[13 14 15 18 20 23] - SAFE
[84 82 81 78 77 76 75] - SAFE
[23 26 27 30 33] - SAFE
[56 53 50 47 46] - SAFE
[25 27 28 30 31 32 34 37] - SAFE
[90 92 94 95 96 99] - SAFE
[82 83 85 88 90 92 95] - SAFE
[49 46 45 43 42 40] - SAFE
[55 58 61 63 65 68 69 72] - SAFE
[61 62 65 66 68 69] - SAFE
[49 52 54 55 56 58 59 61] - SAFE
[41 43 44 46 49] - SAFE
[74 71 70 68 65 62 61 58] - SAFE
[26 29 30 31 32 35 38 40] - SAFE
[11 12 14 15 18 21] - SAFE
[79 76 74 72 71 68 66] - SAFE
[17 20 23 25 27 30 33 35] - SAFE
[52 53 55 58 60] - SAFE
[6 7 9 11 12] - SAFE
[88 85 84 83 81 79 77] - SAFE
[71 74 76 77 79] - SAFE
[70 72 75 78 79] - SAFE
[54 56 58 59 62] - SAFE
[97 96 94 91 90] - SAFE
[6 9 10 11 14 17 20 22] - SAFE
[23 21 18 15 14] - SAFE
[99 98 96 94 91 88 87] - SAFE
[96 93 92 90 89 88] - SAFE
[91 89 88 85 84 82 80 77] - SAFE
[86 87 88 91 94] - SAFE
[3 4 7 10 11 12] - SAFE
[56 59 61 64 67] - SAFE
[40 41 44 46 48 49 52 53] - SAFE
[35 34 32 31 30 27 24 22] - SAFE
[48 47 44 43 42 40 38 36] - SAFE
[31 29 26 23 20 19 16] - SAFE
[25 27 28 29 30 32] - SAFE
[4 7 10 13 15] - SAFE
[36 39 40 42 43 45 48] - SAFE
[20 23 25 27 28 31 34] - SAFE
[40 42 45 48 49 52 54] - SAFE
[14 12 10 9 7 4 2 1] - SAFE
[76 74 71 68 66 64] - SAFE
[25 27 29 30 31] - SAFE
[34 31 29 28 25 24 22] - SAFE
[63 64 67 70 72 73] - SAFE
[95 93 90 89 87 85] - SAFE
[29 27 25 22 20 18] - SAFE
[28 30 32 33 34 37] - SAFE
[53 52 49 46 43 42] - SAFE
[41 40 38 36 33 31 30] - SAFE
[81 79 77 75 74 73] - SAFE
[97 96 95 94 93 90] - SAFE
[77 79 81 82 83] - SAFE
[67 64 62 59 56 54] - SAFE
[55 54 52 50 48 46 45] - SAFE
[74 73 70 69 67] - SAFE
[90 88 85 82 80] - SAFE
[16 14 13 12 11] - SAFE
[32 31 29 26 24 23] - SAFE
[17 18 21 24 27] - SAFE
[21 18 16 14 11 9 6] - SAFE
[37 39 41 42 45 47] - SAFE
[6 8 9 11 13] - SAFE
[35 34 32 30 28 27 25 23] - SAFE
[80 78 77 75 73 71] - SAFE
[4 5 6 9 12 15] - SAFE
[48 51 52 53 55 56 57] - SAFE
[31 33 34 35 37 38 40 42] - SAFE
[75 77 78 80 83 86 87] - SAFE
[39 40 43 46 49 51] - SAFE
[70 71 72 74 75 77 79] - SAFE
[95 92 89 87 85 84 82] - SAFE
[5 7 10 12 14 17 18 20] - SAFE
[68 67 66 65 62] - SAFE
[61 63 64 66 68 69 70 73] - SAFE
[61 59 57 55 53 51] - SAFE
[38 36 33 32 31 30 29] - SAFE
[83 82 79 76 75 74 72 69] - SAFE
[17 20 22 23 26 28] - SAFE
[81 83 86 87 90 93 94] - SAFE
[85 82 81 79 77] - SAFE
[7 10 11 12 13] - SAFE
[94 93 90 87 84 82] - SAFE
[63 64 66 69 70 71 73] - SAFE
[35 36 37 39 42 45] - SAFE
[48 47 45 44 41] - SAFE
[93 92 91 89 88 86] - SAFE
[47 50 52 54 55] - SAFE
[33 35 38 40 43 46 48 49] - SAFE
[70 73 76 77 80] - SAFE
[96 95 92 91 88 87 84 83] - SAFE
[14 17 20 21 22 23 25 28] - SAFE
[14 15 16 17 18 20 21] - SAFE
[72 71 70 68 65 63 60 59] - SAFE
[57 60 61 64 67 68] - SAFE
[18 17 16 13 10] - SAFE
[49 47 44 42 40 38] - SAFE
[30 32 34 37 38] - SAFE
[70 69 68 65 63 62 61] - SAFE
[37 40 43 44 47 48] - SAFE
[55 54 53 52 50 47 45] - SAFE
[90 88 86 85 83 81 80] - SAFE
[90 88 85 83 80] - SAFE
[38 40 43 45 46] - SAFE
[64 67 70 73 75] - SAFE
[91 93 95 98 99] - SAFE
[18 15 12 9 8 6 4 1] - SAFE
[80 77 75 73 70 67 64 62] - SAFE
[29 26 24 21 19 16 15] - SAFE
[61 63 64 67 69 72] - SAFE
[60 59 57 54 53] - SAFE
[63 61 59 57 56 54 53] - SAFE
[49 50 52 53 54] - SAFE
[57 59 60 63 66] - SAFE
[61 63 64 65 66 67 69 70] - SAFE
[24 21 19 18 16 14] - SAFE
[42 39 36 35 34 33] - SAFE
[95 94 92 91 89 86 83] - SAFE
[72 75 77 78 81 83 86] - SAFE
[4 5 6 8 9 12 14] - SAFE
[20 22 25 28 30 33] - SAFE
[65 68 70 71 73 74] - SAFE
[1 3 4 6 9 11 12 15] - SAFE
[75 77 79 81 83 85] - SAFE
[21 22 25 28 29 31 34] - SAFE
[8 7 4 3 2] - SAFE
[39 37 34 31 28] - SAFE
Part one result is 379
Part two result is 417
